29588
29295
29002
28707
28410
28111
27809
27504
27196
26883
26566
26245
25919
25587
25251
24909
24561
24208
23849
23484
23113
22736
22353
21965
21570
21170
20800
20489
20227
20006
19819
19657
19514
19383
19258
19131
18996
18848
18681
18489
18266
18008
17711
17370
16984
16549
16065
15531
14948
14320
13648
12991
12394
11848
11340
10863
10410
9973
9547
9128
8713
8297
7878
7456
7029
6598
6164
5726
5289
4853
4422
4000
3589
3193
2815
2458
2131
1839
1579
1349
1147
969
815
681
566
468
384
313
254
204
163
129
102
80
62
48
36
28
21
15
11
